Date	Day	Cases	Deaths	Recovered	Severe	CloseContact	UnderObservation	NoLongerObserved	InHospital
20200119	19	198	3	NA	NA	NA	NA	NA
20200120	20	270	6	NA	NA	NA	NA	NA
20200121	21	375	9	NA	102	NA	NA	NA
20200122	22	444	17	NA	NA	NA	NA	NA
20200123	23	549	24	31	129	3653	2776	877
20200124	24	729	39	32	157	5682	4711	971
20200125	25	1052	52	42	129	7989	6904	1085
20200126	26	1423	76	44	290	10394	9103	1291
20200127	27	2714	100	47	690	16904	15559	1345
20200128	28	3554	125	80	899	22095	20366	1729
20200129	29	4586	162	90	988	28780	26632	2148
20200130	30	5806	204	116	1094	35144	32340	2804
20200131	31	7153	249	166	1294	41075	36838	4237
20200201	32	9074	294	215	1562	48571	43121	5450
20200202	33	11177	350	295	1701	56088	48171	7917
20200203	34	13522	414	396	2143	68988	58544	10444
20200204	35	16678	479	520	2520	81039	66764	14275
20200205	36	19665	549	633	3084	90997	64127	26870
20200206	37	22112	618	817	4002	101599	64057	37542	15804
20200207	38	24953	699	1115	5195	114044	67802	46242	19835
20200208	39	27100	780	1439	5247	123827	70438	53389	20993